208
305
109
29
576
101
541
434
50
180
13
172
630
148
667
303
491
635
440
543
455
122
506
281
14
588
200
582
62
211
559
15
196
264
652
363
516
459
233
559
103
268
114
327
314
265
392
267
570
50
440
262
93
671
555
702
779
245
311
64
467
381
488
549
256
238
105
363
682
444
679
371
372
258
275
279
704
578
21
724
760
565
61
754
8
383
430
97
781
89
474
281
172
695
638
499
548
471
769
586
191
246
558
616
545
582
383
25
12
99
378
507
332
740
320
596
298
639
381
610
605
258
718
69
607
535
673
738
31
160
221
275
640
334
115
384
102
335
160
277
605
489
23
18
705
415
637
621
780
300
194
660
493
785
112
81
612
187
616
647
335
413
446
113
565
57
712
112
718
424
448
711
85
776
258
344
609
461
11
124
311
609
138
492
344
277
671
402
717
280
411
57
454
385
178
299
312
563
289
549
538
190
520
358
521
561
632
730
340
505
199
475
487
509
500
155
750
434
346
370
479
275
656
363
799
52
760
240
113
390
427
595
587
622
712
161
541
620
689
140
33
536
233
655
110
110
211
188
432
124
69
544
333
359
7
274
645
1
356
88
292
304
383
237
300
7
127
522
32
288
331
155
551
90
523
781
746
748
465
495
455
466
671
727
703
326
63
222
337
510
792
302
371
34
301
577
144
728
269
493
574
239
69
630
601
697
481
182
383
85
304
673
72
76
21
471
732
236
285
405
589
336
31
0
413
77
108
403
325
30
224
547
782
346
278
209
234
628
668
59
602
373
330
720
618
482
386
629
478
13
3
262
527
372
683
132
780
783
340
221
96
361
473
594
186
699
232
539
297
245
134
683
536
313
314
81
454
774
779
135
189
89
649
66
125
250
300
465
37
546
81
752
539
435
356
248
23
236
186
566
327
326
455
784
107
464
566
582
580
693
590
755
188
167
461
771
274
66
364
13
475
550
681
286
276
318
47
506
63
557
675
410
92
745
233
5
415
368
334
373
262
481
390
329
165
425
1
93
712
105
367
86
345
397
194
366
373
544
390
582
368
463
454
94
149
448
787
739
553
769
7
558
299
364
315
62
301
281
667
268
597
726
361
625
133
469
337
170
600
69
680
261
352
505
649
281
184
648
717
544
150
370
761
71
394
10
717
676
448
790
265
118
380
670
247
796
733
518
578
478
418
185
490
218
638
45
350
755
596
348
780
692
125
363
616
170
194
556
536
100
752
259
542
529
673
60
168
716
479
522
749
536
122
539
694
403
69
661
612
417
229
502
221
507
405
343
630
629
462
209
583
370
443
349
511
303
242
312
603
348
182
615
294
7
295
182
266
69
13
679
424
301
439
748
600
322
193
292
232
374
627
111
754
409
38
568
292
491
687
754
491
181
263
561
276
425
181
672
532
204
582
157
541
543
203
263
365
551
338
260
161
119
715
445
694
295
659
410
622
677
524
403
76
272
671
108
593
604
225
723
236
680
687
390
732
26
707
150
184
87
557
781
30
352
41
665
336
475
50
716
343
576
788
735
5
604
568
731
520
399
792
392
91
19
434
41
462
174
380
627
544
770
46
131
606
47
355
228
320
635
159
68
295
756
790
462
233
146
770
420
678
794
312
167
160
745
406
785
698
236
112
266
117
216
626
15
550
52
245
253
228
512
115
424
548
390
570
407
506
698
415
469
292
161
160
385
76
58
323
322
126
113
512
570
730
538
367
47
549
460
319
46
637
734
377
269
404
286
311
186
384
144
143
270
642
419
114
425
191
662
604
404
728
376
788
787
210
406
396
692
573
680
598
604
342
73
114
204
485
313
264
797
268
613
76
579
335
320
694
68
501
549
178
31
116
484
446
326
5
338
619
447
351
565
440
186
412
387
217
294
60
267
239
563
631
680
428
617
553
268
644
728
152
164
619
575
482
70
792
217
145
231
342
57
499
491
458
317
342
33
124
315
261
183
555
353
294
274
18
562
121
755
33
34
536
728
318
158
190
134
488
666
686
180
437
28
553
609
501
452
431
109
91
366
656
672
603
587
406
713
631
363
196
424
477
528
442
27
691
479
195
769
180
256
366
171
320
626
253
637
516
391
72
580
142
309
151
705
279
702
608
539
411
719
264
72
617
567
23
413
135
8
272
141
537
26
100
55
254
727
698
402
597
648
158
570
290
532
499
313
654
149
690
211
718
31
217
239
765
270
306
549
645
617
251
31
688
407
579
409
636
579
335
162
300
202
165
253
471
505
526
3
649
361
598
502
504
205
266
691
672
703
81
222
673
589
475
695
601
157
71
126
13
322
490
147
225
411
605
479
506
521
556
463
248
14
8
270
574
269
79
309
642
489
219
758
337
94
212
705
315
674
407
243
773
635
760
533
280
601
773
50
434
19
308
334
499
16
723
551
720
17
257
713
749
131
176
250
183
664
40
201
562
402
77
0
224
560
712
45
224
383
608
139
245
504
790
429
154
264
733
450
25
124
50
81
372
177
495
299
634
222
276
495
387
494
166
216
484
133
607
569
25
339
366
8
641
629
570
737
717
41
211
489
172
584
233
54
29
33
781
171
195
530
169
631
687
638
47
513
564
420
743
114
742
72
572
412
64
742
556
62
262
659
546
748
496
517
122
137
526
474
114
777
365
635
775
21
95
642
335
442
752
158
675
237
601
190
21
38
610
448
35
472
523
532
411
43
667
353
471
629
487
238
667
300
613
350
18
780
634
516
57
667
99
683
511
779
407
558
287
763
612
59
494
708
420
304
601
134
592
24
476
197
244
744
303
368
675
504
483
293
145
218
408
456
312
485
436
319
454
59
139
460
99
452
109
748
503
170
673
414
791
761
258
28
693
797
737
331
317
271
647
446
280
22
464
154
399
714
430
546
227
413
418
446
640
140
170
208
66
459
425
176
280
585
407
140
730
518
786
189
241
543
89
15
684
107
222
428
405
524
241
337
106
156
657
797
693
398
85
25
469
318
43
129
476
657
749
245
377
414
257
424
5
512
441
325
367
393
76
221
732
551
566
529
117
661
16
760
695
134
496
194
553
292
482
209
356
452
22
205
380
74
66
291
516
462
493
32
623
363
465
57
237
11
163
598
17
483
605
207
641
450
294
83
12
773
102
178
399
177
749
182
648
644
77
495
501
279
782
724
64
422
795
281
19
695
623
24
751
505
434
9
725
587
312
397
138
619
263
454
798
291
569
97
522
83
117
321
348
373
403
91
726
682
746
524
515
185
80
316
502
654
651
680
560
94
793
232
581
461
298
45
65
755
248
648
671
752
624
361
478
328
619
455
578
578
87
53
129
556
328
354
392
417
167
656
242
319
293
628
349
311
550
745
485
524
731
502
464
213
510
750
346
769
479
783
661
454
767
254
27
142
390
15
765
279
788
800
249
374
40
66
672
590
7
641
508
503
471
20
103
22
232
365
790
53
720
22
740
697
367
665
620
744
52
627
677
568
585
564
289
321
153
695
109
398
748
777
48
259
368
505
617
227
413
30
274
226
191
579
426
195
746
195
739
60
356
168
430
296
338
538
222
110
488
376
497
761
574
400
109
698
538
355
631
725
47
124
722
621
587
652
28
121
733
770
514
368
107
581
599
119
44
547
398
653
538
524
496
154
589
75
754
41
311
663
563
543
623
791
568
781
9
31
617
480
204
153
798
598
657
274
309
216
53
664
526
102
259
592
494
622
543
189
603
431
136
559
711
181
559
189
126
498
374
534
791
411
771
687
687
24
336
291
63
27
255
492
3
549
504
162
377
712
656
9
234
589
422
311
206
157
232
796
13
625
780
293
240
242
555
65
639
361
679
184
79
88
457
712
771
254
486
409
624
297
199
546
302
539
571
372
26
622
287
670
181
271
670
271
641
161
355
738
203
676
186
150
757
12
629
675
729
790
262
673
692
31
140
401
485
586
800
131
418
27
224
589
147
317
240
392
649
342
135
420
498
629
579
96
494
17
517
571
17
366
323
1
650
700
608
39
140
205
363
653
568
255
342
88
668
155
48
591
641
333
455
361
130
779
189
712
774
301
84
276
214
80
83
236
488
99
620
97
349
673
650
743
749
466
172
660
171
749
150
186
352
128
114
38
615
695
605
690
747
170
444
47
130
251
696
164
383
723
438
447
451
104
148
157
401
153
524
412
543
88
706
481
375
459
501
558
775
502
197
156
731
738
113
446
635
176
78
118
340
734
76
680
705
567
369
545
787
779
44
432
132
158
325
10
455
591
419
671
320
547
91
17
734
683
74
739
684
741
293
180
327
675
221
277
173
519
49
230
195
508
149
446
102
100
5
167
2
774
166
229
485
28
80
334
383
529
600
530
69
118
259
719
776
745
316
494
24
490
367
655
712
84
680
292
578
596
433
277
291
226
74
2
528
494
671
96
762
263
443
402
114
566
648
721
469
495
548
253
600
599
730
436
409
420
670
123
321
518
406
214
553
559
676
86
666
409
33
383
228
433
4
138
407
308
642
19
241
534
379
644
229
166
31
90
52
753
240
174
576
367
67
153
196
170
310
585
571
1
502
653
601
426
183
571
199
683
93
224
212
299
701
555
460
623
404
488
34
409
571
124
326
202
463
329
148
330
540
700
371
36
541
748
381
597
391
549
135
465
100
278
758
392
314
235
639
759
778
360
579
578
135
154
246
284
748
526
795
657
310
587
26
775
301
118
166
2
473
1
478
611
576
372
542
193
173
373
6
94
782
653
596
484
361
778
366
75
